RBF-Kernel SVM
Feature #:2
Gamma:1.0
C:64.0
5-Fold Cross Validation
Confusion Matrix:
	[0]	[1]	[2]	[3]	[4]	[5]	[6]	[7]	[8]	[9]	[10]	Total	
[0]	22	0	0	0	0	0	0	0	0	0	0	22	
[1]	1	35	0	0	0	0	0	0	0	0	0	36	
[2]	0	0	23	0	0	0	0	0	0	0	0	23	
[3]	0	0	0	39	0	0	0	0	0	0	0	39	
[4]	0	0	0	0	16	0	0	0	0	0	0	16	
[5]	0	0	0	0	0	51	0	0	0	0	0	51	
[6]	0	0	0	0	0	0	20	0	0	0	0	20	
[7]	0	0	0	0	0	0	0	35	0	0	0	35	
[8]	0	0	0	0	0	0	1	0	26	0	0	27	
[9]	0	0	0	0	0	0	0	0	0	21	0	21	
[10]	0	0	0	0	0	0	0	0	0	0	18	18	
Total	23	35	23	39	16	51	21	35	26	21	18	
correct/tested = 306/308
overall accuracy = 99.35064935064936 %
time elapsed: 0.246 (s)
