Linear-Kernel SVM
Feature #:2
C:64.0
5-Fold Cross Validation

Confusion Matrix:
	[0]	[1]	[2]	[3]	[4]	[5]	[6]	[7]	[8]	[9]	[10]	Total	
[0]	28	0	0	0	0	0	0	0	0	0	0	28	
[1]	0	32	0	0	0	0	0	0	0	0	0	32	
[2]	0	0	31	0	0	0	0	0	0	0	0	31	
[3]	0	0	0	30	0	0	0	0	0	0	0	30	
[4]	0	0	0	0	28	0	0	0	0	0	0	28	
[5]	0	0	0	0	0	30	0	0	0	0	0	30	
[6]	0	0	0	0	0	0	33	0	0	0	0	33	
[7]	0	0	0	0	0	0	0	32	0	0	0	32	
[8]	0	0	0	0	0	0	0	0	35	0	0	35	
[9]	0	0	0	0	0	0	0	0	0	27	0	27	
[10]	0	0	0	0	0	0	0	0	0	0	0	0	
Total	28	32	31	30	28	30	33	32	35	27	0	
correct/tested = 306/306
overall accuracy = 100.0 %
time elapsed: 0.194 (s)
